0 46.4583 3
1 49.2708 3
2 58.2292 3
3 67.3958 4
4 72.2917 4
5 77.1875 5
6 80.3125 5
7 81.9792 5
8 84.6875 6
9 85.8333 6
10 85.9375 6
11 86.4583 7
12 86.25 7
13 87.5 7
14 87.2917 8
15 87.0833 8
16 87.1875 8
17 87.2917 9
18 87.1875 9
19 86.9792 9
20 87.1875 10
21 87.0833 10
22 86.5625 10
23 86.0417 10
24 85.7292 11
25 85.7292 11
26 86.0417 11
27 86.1458 12
28 86.1458 12
29 86.0417 12
30 86.3542 13
31 86.1458 13
32 86.25 13
33 85.625 13
34 85.8333 14
35 85.7292 14
36 85.5208 14
37 85.5208 14
38 85.5208 15
39 85.4167 15
40 85.4167 15
41 85.3125 15
42 85.5208 16
43 85.5208 16
44 85.5208 16
45 85.4167 16
46 85.4167 16
47 85.4167 17
48 85.625 17
49 85.5208 17
50 85.4167 17
51 85.4167 17
52 85.5208 18
53 85.4167 18
54 85.4167 18
55 85.5208 18
56 85.4167 18
57 85.3125 19
58 85.3125 19
59 85.3125 19
60 85.3125 19
61 85.3125 19
62 85.3125 19
63 85.4167 20
64 85.4167 20
65 85.4167 20
66 85.4167 20
67 85.4167 20
68 85.4167 20
69 85.3125 20
70 85.3125 21
71 85.3125 21
72 85.3125 21
73 85.3125 21
74 85.3125 21
75 85.2083 21
76 85.2083 21
77 85.2083 21
78 85.2083 21
79 85 22
80 85 22
81 85 22
82 85 22
83 85 22
84 85 22
85 84.8958 22
86 84.8958 22
87 84.8958 22
88 84.8958 22
89 84.8958 22
90 84.8958 22
91 84.8958 22
92 84.8958 23
93 84.8958 23
94 84.8958 23
95 84.7917 22
96 84.7917 22
97 84.7917 22
98 84.7917 22
99 84.7917 22
100 84.7917 22
