0 55.4726 33
1 55.597 37
2 58.5821 42
3 65.6716 47
4 70.398 51
5 71.8905 57
6 73.0099 63
7 73.1343 67
8 72.8856 78
9 74.2537 81
10 75 82
11 76.1194 85
12 76.4925 89
13 76.8657 121
14 78.2338 99
15 79.1045 103
16 78.3582 108
17 79.3532 112
18 79.602 116
19 80.4726 129
20 80.597 123
21 80.597 127
22 81.0945 130
23 81.2189 160
24 81.4677 196
25 81.4677 178
26 81.8408 197
27 82.4627 215
28 82.0895 231
29 82.4627 156
30 82.4627 159
31 82.7114 163
32 82.8358 166
33 82.7114 172
34 82.7114 172
35 82.7114 174
36 83.209 206
37 82.9602 197
38 82.8358 194
39 83.209 200
40 83.209 194
41 83.3333 213
42 83.3333 229
43 83.209 208
44 82.9602 211
45 83.209 210
46 83.3333 250
47 83.209 250
48 83.0846 213
49 82.9602 216
50 82.9602 223
51 82.9602 227
52 83.0846 228
53 82.9602 247
54 82.7114 238
55 82.7114 237
56 82.5871 250
57 82.5871 241
58 82.5871 246
59 82.4627 307
60 82.4627 310
61 82.4627 269
62 82.4627 272
63 82.4627 283
64 82.4627 262
65 82.4627 269
66 82.4627 287
67 82.4627 271
68 82.4627 279
69 82.4627 282
70 82.4627 287
71 82.2139 270
72 82.2139 272
73 81.9652 305
74 81.8408 302
75 81.7164 300
76 81.7164 301
77 81.7164 304
78 81.7164 313
79 81.592 317
80 81.4677 304
81 81.4677 308
82 81.3433 317
83 81.3433 307
84 81.3433 320
85 81.3433 304
86 81.2189 301
87 81.2189 309
88 81.2189 300
89 80.8458 293
90 80.8458 383
91 80.7214 328
92 80.7214 297
93 80.7214 297
94 80.7214 300
95 80.7214 300
96 80.7214 299
97 80.7214 306
98 80.7214 319
99 80.7214 320
100 80.7214 337
